1358793745.196779,0
1358793745.310426,15
1358793745.423652,18
1358793745.536823,25
1358793745.650292,37
1358793745.763439,41
1358793745.876597,44
1358793745.989828,47
1358793746.103148,53
1358793746.218022,59
1358793746.331147,47
1358793746.444393,56
1358793746.559068,67
1358793746.672371,76
1358793746.795158,66
1358793746.908252,80
1358793747.022825,67
1358793747.136208,82
1358793747.249600,69
1358793747.363155,86
1358793747.476302,73
1358793747.589372,90
1358793747.702821,77
1358793747.816053,95
1358793747.929278,82
1358793748.042397,98
1358793748.155552,85
1358793748.268588,72
1358793748.381718,59
1358793748.494891,46
1358793748.609404,36
1358793748.722510,23
1358793748.835625,42
1358793748.950187,42
1358793749.063366,43
1358793749.176543,44
1358793749.289641,46
1358793749.402988,46
1358793749.516274,46
1358793749.629490,46
1358793749.742798,46
1358793749.855919,46
1358793749.968981,46
1358793750.082101,48
1358793750.196452,49
1358793750.312970,49
1358793750.426174,49
1358793750.539936,49
1358793750.653909,48
1358793750.767052,50
1358793750.883013,50
1358793750.997789,51
1358793751.111375,51
1358793751.224707,51
1358793751.337877,51
1358793751.451053,51
1358793751.564251,52
1358793751.677638,50
1358793751.790781,51
1358793751.903839,53
1358793752.017059,53
1358793752.130276,53
1358793752.243385,54
1358793752.356503,55
1358793752.469692,55
1358793752.584321,55
1358793752.697560,54
1358793752.810617,55
1358793752.923968,55
1358793753.038715,55
1358793753.152045,56
1358793753.265292,55
1358793753.378518,56
1358793753.491599,56
1358793753.604742,57
1358793753.717861,57
1358793753.831162,57
1358793753.944527,57
1358793754.057714,58
1358793754.170983,59
1358793754.284228,59
1358793754.397445,59
1358793754.510622,60
1358793754.625263,59
1358793754.738494,60
1358793754.851911,60
1358793754.966444,61
1358793755.079608,61
1358793755.192787,61
1358793755.306086,61
1358793755.419372,62
1358793755.532640,62
1358793755.646218,60
1358793755.759611,60
1358793755.872857,62
1358793755.986140,62
1358793756.099310,63
1358793756.212532,63
1358793756.325708,63
1358793756.438939,64
1358793756.552292,64
1358793756.666946,63
1358793756.780305,63
1358793756.893550,64
1358793757.008233,65
1358793757.121554,64
1358793757.234878,64
1358793757.348059,66
1358793757.461238,66
1358793757.574477,66
1358793757.687755,65
1358793757.800895,64
1358793757.913976,65
1358793758.027154,66
1358793758.140412,66
1358793758.253657,66
1358793758.366890,67
1358793758.480039,67
1358793758.594644,67
1358793758.708049,67
1358793758.821227,67
1358793758.934427,66
1358793759.049036,68
1358793759.162304,68
1358793759.275518,68
1358793759.388694,68
1358793759.502010,68
1358793759.615146,68
1358793759.728411,66
1358793759.841720,67
1358793759.954852,67
1358793760.068027,67
1358793760.181108,68
1358793760.294240,68
1358793760.407261,68
1358793760.520357,68
1358793760.635038,68
1358793760.748287,68
1358793760.861476,68
1358793760.978396,68
1358793761.091987,68
1358793761.205138,69
1358793761.318353,69
1358793761.431666,70
1358793761.544936,71
1358793761.658186,70
1358793761.771323,70
1358793761.885265,70
1358793762.000771,70
1358793762.114316,70
1358793762.227953,71
1358793762.344492,71
1358793762.460028,71
1358793762.576689,70
1358793762.690872,70
1358793762.804558,70
1358793762.917809,70
1358793763.034573,70
1358793763.148977,71
1358793763.263190,71
1358793763.378762,72
1358793763.492595,71
1358793763.605776,71
1358793763.718941,71
1358793763.832104,71
1358793763.945171,71
1358793764.058302,72
1358793764.171407,72
1358793764.284619,72
1358793764.397803,72
1358793764.510967,73
1358793764.625596,73
1358793764.738991,73
1358793764.852282,73
1358793764.965474,74
1358793765.079946,74
1358793765.193145,74
1358793765.306335,74
1358793765.419529,73
1358793765.532742,74
1358793765.645859,74
1358793765.758954,73
1358793765.872023,74
1358793765.985164,74
1358793766.098340,74
1358793766.211455,74
1358793766.324672,74
1358793766.437876,73
1358793766.551242,73
1358793766.665791,73
1358793766.779182,75
1358793766.892308,75
1358793767.006979,75
1358793767.120198,75
1358793767.233372,75
1358793767.346561,76
1358793767.459742,75
1358793767.572865,75
1358793767.686122,76
1358793767.799317,76
1358793767.912533,77
1358793768.025840,75
1358793768.139037,75
1358793768.252138,75
1358793768.365233,75
1358793768.478369,75
1358793768.591894,76
1358793768.705995,76
1358793768.819155,76
1358793768.932443,76
1358793769.047052,77
1358793769.160300,77
1358793769.273538,76
1358793769.386751,76
1358793769.499976,78
1358793769.613156,78
1358793769.726419,78
1358793769.839598,78
1358793769.952690,78
1358793770.065823,78
1358793770.179065,78
1358793770.292123,78
1358793770.405277,77
1358793770.518429,78
1358793770.633097,77
1358793770.746247,78
1358793770.859368,78
1358793770.972486,78
1358793771.086990,78
1358793771.200182,77
1358793771.313279,78
1358793771.426361,79
1358793771.539783,79
1358793771.653008,79
1358793771.766191,79
1358793771.879339,80
1358793771.992519,80
1358793772.105684,80
1358793772.218757,80
1358793772.332107,80
1358793772.445236,80
1358793772.558380,80
1358793772.672945,81
1358793772.786175,81
1358793772.899731,81
1358793773.014349,79
1358793773.127510,81
1358793773.240591,80
1358793773.353938,80
1358793773.467214,80
1358793773.580441,80
1358793773.693672,80
1358793773.806957,80
1358793773.920972,81
1358793774.034328,81
1358793774.147615,81
1358793774.260979,81
1358793774.374220,81
1358793774.487482,82
1358793774.600754,82
1358793774.715349,82
1358793774.828646,82
1358793774.941820,82
1358793775.056531,82
1358793775.169712,83
1358793775.282928,83
1358793775.396143,83
1358793775.509438,83
1358793775.622682,83
1358793775.735880,83
1358793775.849193,81
1358793775.962537,83
1358793776.075827,83
1358793776.188952,82
1358793776.302037,82
1358793776.415238,83
1358793776.528562,83
1358793776.643155,83
1358793776.756496,83
1358793776.869739,84
1358793776.982910,84
1358793777.097689,83
1358793777.212064,83
1358793777.325321,84
1358793777.438525,84
1358793777.551800,85
1358793777.664949,85
1358793777.778104,87
1358793777.891183,86
1358793778.004365,86
1358793778.117640,83
1358793778.230756,85
1358793778.343829,85
1358793778.457002,84
1358793778.570124,84
1358793778.684688,85
1358793778.797930,85
1358793778.911077,85
1358793779.024879,86
1358793779.139177,85
1358793779.252368,85
1358793779.365570,85
1358793779.479484,85
1358793779.592827,86
1358793779.706121,86
1358793779.819384,86
1358793779.932786,85
1358793780.046624,86
1358793780.160046,86
1358793780.273305,86
1358793780.386508,87
1358793780.499994,88
1358793780.614380,88
1358793780.730829,88
1358793780.844890,88
1358793780.959969,86
1358793781.074824,86
1358793781.188175,86
1358793781.301724,86
1358793781.415164,88
1358793781.529106,88
1358793781.642704,89
1358793781.756077,89
1358793781.869367,88
1358793781.982570,88
1358793782.096064,88
1358793782.209252,88
1358793782.322484,87
1358793782.435827,89
1358793782.549877,89
1358793782.664572,89
1358793782.777961,86
1358793782.891298,88
1358793783.004467,87
1358793783.119051,90
1358793783.232224,89
1358793783.345599,89
1358793783.458929,89
1358793783.572132,89
1358793783.685269,89
1358793783.798470,88
1358793783.911762,88
1358793784.024898,88
1358793784.138186,89
1358793784.251444,89
1358793784.364620,91
1358793784.477706,91
1358793784.590873,91
1358793784.705565,90
1358793784.818824,90
1358793784.932097,90
1358793785.046110,91
1358793785.160008,91
1358793785.273244,91
1358793785.386344,89
1358793785.499542,91
1358793785.612706,91
1358793785.725934,89
1358793785.839092,90
1358793785.952380,91
1358793786.065608,91
1358793786.178793,91
1358793786.291947,91
1358793786.405052,91
1358793786.518171,91
1358793786.631306,91
1358793786.746177,90
1358793786.859554,91
1358793786.972720,92
1358793787.087343,92
1358793787.200590,92
1358793787.313805,92
1358793787.427030,92
1358793787.540363,92
1358793787.653753,92
1358793787.767004,93
1358793787.880270,93
1358793787.993477,93
1358793788.106720,91
1358793788.219854,93
1358793788.333041,91
1358793788.446304,91
1358793788.559356,91
1358793788.674130,91
1358793788.787333,92
1358793788.900409,93
1358793789.013564,93
1358793789.128206,93
1358793789.241278,93
1358793789.354446,93
1358793789.467714,93
1358793789.580896,93
1358793789.694101,92
1358793789.807305,93
1358793789.920383,94
1358793790.033654,94
1358793790.146943,94
1358793790.260760,94
1358793790.374590,94
1358793790.487818,95
1358793790.601959,95
1358793790.716670,94
1358793790.830053,95
1358793790.943574,95
1358793791.057190,95
1358793791.171636,95
1358793791.284840,95
1358793791.398107,95
1358793791.511466,95
1358793791.624735,93
1358793791.737914,94
1358793791.851026,94
1358793791.964248,95
1358793792.077501,95
1358793792.190705,94
1358793792.306841,96
1358793792.420300,96
1358793792.533583,96
1358793792.646775,94
1358793792.761407,96
1358793792.874698,94
1358793792.988027,96
1358793793.102774,93
1358793793.216099,96
1358793793.329296,94
1358793793.442475,95
1358793793.555691,95
1358793793.668881,95
1358793793.782025,95
1358793793.895292,96
1358793794.008540,96
1358793794.121800,95
1358793794.235016,96
1358793794.348201,95
1358793794.461316,97
1358793794.574630,97
1358793794.689361,97
1358793794.802832,97
1358793794.916117,97
1358793795.029471,97
1358793795.144002,96
1358793795.257265,97
1358793795.370411,97
1358793795.483762,96
1358793795.596902,97
1358793795.710499,99
1358793795.823728,85
1358793795.937103,96
1358793796.050264,97
1358793796.163508,98
1358793796.278012,98
1358793796.391111,99
1358793796.504500,98
1358793796.618391,99
1358793796.733110,100
1358793796.846573,99
1358793796.959799,98
1358793797.073185,98
1358793797.187520,98
1358793797.300775,98
1358793797.413862,98
1358793797.527165,98
1358793797.640353,99
1358793797.753534,99
1358793797.866719,90
1358793797.980043,78
1358793798.093141,63
1358793798.206226,49
1358793798.319370,35
1358793798.432407,22
1358793798.545584,12
1358793798.658892,50
1358793798.773602,52
1358793798.886868,53
1358793799.000102,55
1358793799.114775,53
1358793799.228014,53
1358793799.341219,54
1358793799.454617,56
1358793799.567955,56
1358793799.681135,56
1358793799.794271,56
1358793799.907334,57
1358793800.020486,58
1358793800.133669,59
1358793800.247039,60
1358793800.360118,58
1358793800.473173,59
1358793800.586450,59
1358793800.701084,58
1358793800.814207,57
1358793800.927330,59
1358793801.040855,60
1358793801.155347,61
1358793801.268664,61
1358793801.382184,59
1358793801.495364,59
1358793801.608566,61
1358793801.721772,60
1358793801.834861,61
1358793801.947945,62
1358793802.061285,62
1358793802.174455,62
1358793802.287673,63
1358793802.400798,62
1358793802.514177,62
1358793802.627178,62
1358793802.741772,64
1358793802.855125,64
1358793802.968269,63
1358793803.082445,66
1358793803.197215,64
1358793803.310460,62
1358793803.423672,62
1358793803.536982,63
1358793803.650142,65
1358793803.763227,65
1358793803.876332,65
1358793803.990368,65
1358793804.103937,67
1358793804.217237,68
1358793804.330476,66
1358793804.443592,66
1358793804.556821,61
1358793804.669866,59
1358793804.784467,59
1358793804.897736,61
1358793805.010949,57
1358793805.125499,57
1358793805.238685,57
1358793805.351893,56
1358793805.465051,56
1358793805.578293,54
1358793805.691551,55
1358793805.805709,56
1358793805.919432,56
1358793806.032641,56
1358793806.145850,56
1358793806.259015,56
1358793806.372150,56
1358793806.485335,56
1358793806.598439,57
1358793806.713195,58
1358793806.826538,57
1358793806.939745,57
1358793807.052871,57
1358793807.167399,57
1358793807.280639,58
1358793807.393952,58
1358793807.507180,59
1358793807.620447,60
1358793807.733743,60
1358793807.847166,59
1358793807.960252,59
1358793808.073311,59
1358793808.186558,59
1358793808.299667,57
1358793808.412775,59
1358793808.525999,60
1358793808.639172,60
1358793808.753808,60
1358793808.867035,59
1358793808.980205,59
1358793809.093412,59
1358793809.208034,59
1358793809.321163,60
1358793809.434327,61
1358793809.547596,61
1358793809.660737,61
1358793809.773967,62
1358793809.887207,61
1358793810.000296,61
1358793810.113376,61
1358793810.227379,62
1358793810.341206,63
1358793810.454430,63
1358793810.567658,63
1358793810.681340,62
1358793810.796264,62
1358793810.909550,62
1358793811.022716,62
1358793811.137558,63
1358793811.251999,63
1358793811.365363,62
1358793811.478779,64
1358793811.592278,62
1358793811.708453,63
1358793811.822092,63
1358793811.935574,64
1358793812.048898,63
1358793812.162011,63
1358793812.275189,63
1358793812.388338,64
1358793812.501340,64
1358793812.614532,64
1358793812.729086,63
1358793812.842285,63
1358793812.955388,64
1358793813.068555,64
1358793813.183176,64
1358793813.296396,65
1358793813.409439,66
1358793813.522831,66
1358793813.636177,66
1358793813.749317,65
1358793813.862746,66
1358793813.976085,66
1358793814.089267,66
1358793814.202358,66
1358793814.315654,67
1358793814.428735,65
1358793814.541879,66
1358793814.655029,66
1358793814.769600,66
1358793814.882835,66
1358793814.996003,66
1358793815.109213,66
1358793815.223769,66
1358793815.337009,67
1358793815.450249,67
1358793815.563404,67
1358793815.676590,67
1358793815.789826,67
1358793815.903866,67
1358793816.018021,67
1358793816.135568,67
1358793816.251215,67
1358793816.365772,68
1358793816.479029,68
1358793816.592909,68
1358793816.706924,68
1358793816.822991,68
1358793816.936243,68
1358793817.052076,67
1358793817.166824,68
1358793817.282165,69
1358793817.396920,69
1358793817.511068,70
1358793817.624458,68
1358793817.737797,68
1358793817.851382,69
1358793817.964723,69
1358793818.077884,69
1358793818.190970,70
1358793818.304106,70
1358793818.417277,70
1358793818.531399,70
1358793818.644591,70
1358793818.759242,70
1358793818.872407,70
1358793818.985728,70
1358793819.098977,71
1358793819.213578,71
1358793819.326919,70
1358793819.440169,71
1358793819.553401,71
1358793819.666546,72
1358793819.779697,72
1358793819.892724,72
1358793820.005786,73
1358793820.119078,73
1358793820.232211,73
1358793820.347084,72
1358793820.460541,72
1358793820.573758,71
1358793820.687042,71
1358793820.801676,72
1358793820.914904,73
1358793821.028165,73
1358793821.142674,73
1358793821.257341,73
1358793821.370768,72
1358793821.483934,72
1358793821.596901,72
1358793821.710180,72
1358793821.823429,74
1358793821.936603,74
1358793822.049752,74
1358793822.162988,74
1358793822.276135,74
1358793822.389581,74
1358793822.502778,74
1358793822.615911,74
1358793822.729020,75
1358793822.843567,75
1358793822.956903,76
1358793823.070001,74
1358793823.184762,75
1358793823.297925,73
1358793823.411353,75
1358793823.524624,73
1358793823.637877,75
1358793823.751388,75
1358793823.864559,75
1358793823.977590,75
1358793824.090735,75
1358793824.204116,75
1358793824.317262,75
1358793824.430413,75
1358793824.543675,76
1358793824.656884,77
1358793824.771568,76
1358793824.884737,77
1358793824.998012,77
1358793825.112222,76
1358793825.226916,76
1358793825.340231,77
1358793825.453334,78
1358793825.566533,78
1358793825.679928,78
1358793825.793492,78
1358793825.906826,76
1358793826.020197,78
1358793826.133492,75
1358793826.246840,75
1358793826.359920,77
1358793826.473057,77
1358793826.586260,78
1358793826.699393,78
1358793826.813998,78
1358793826.927116,78
1358793827.040439,77
1358793827.153564,78
1358793827.268167,78
1358793827.381440,78
1358793827.494628,78
1358793827.607719,78
1358793827.720840,80
1358793827.834209,80
1358793827.947423,79
1358793828.060651,79
1358793828.173849,80
1358793828.287019,80
1358793828.400219,80
1358793828.513474,78
1358793828.626809,78
1358793828.740078,79
1358793828.854765,78
1358793828.968096,80
1358793829.081306,80
1358793829.195622,79
1358793829.309258,80
1358793829.422360,80
1358793829.535461,80
1358793829.648740,80
1358793829.761938,80
1358793829.875161,80
1358793829.988452,80
1358793830.101670,80
1358793830.214875,82
1358793830.328203,81
1358793830.441291,82
1358793830.554619,82
1358793830.667901,82
1358793830.782517,82
1358793830.895926,82
1358793831.009114,82
1358793831.122311,80
1358793831.236852,82
1358793831.350180,82
1358793831.463522,83
1358793831.576867,83
1358793831.690078,82
1358793831.803316,82
1358793831.916493,82
1358793832.029667,82
1358793832.142847,82
1358793832.256076,82
1358793832.369321,82
1358793832.482457,82
1358793832.595552,83
1358793832.708664,84
1358793832.823287,84
1358793832.936603,84
1358793833.049892,84
1358793833.162948,84
1358793833.277436,84
1358793833.390680,84
1358793833.503891,85
1358793833.617391,85
1358793833.730658,82
1358793833.844659,84
1358793833.958761,85
1358793834.071969,85
1358793834.185049,85
1358793834.298178,84
1358793834.411304,85
1358793834.524473,85
1358793834.637487,85
1358793834.750697,84
1358793834.865338,84
1358793834.978536,84
1358793835.091817,84
1358793835.205907,84
1358793835.319677,86
1358793835.432972,86
1358793835.546092,86
1358793835.660777,85
1358793835.774043,85
1358793835.887305,86
1358793836.000669,86
1358793836.113722,86
1358793836.226845,87
1358793836.339975,87
1358793836.453098,87
1358793836.566335,84
1358793836.679415,87
1358793836.793582,87
1358793836.906892,85
1358793837.019979,86
1358793837.133141,87
1358793837.247689,87
1358793837.360870,88
1358793837.474111,88
1358793837.587180,87
1358793837.700324,87
1358793837.813394,87
1358793837.926604,87
1358793838.039797,89
1358793838.152965,89
1358793838.266207,89
1358793838.379287,89
1358793838.492308,87
1358793838.605439,87
1358793838.718572,87
1358793838.833229,87
1358793838.946618,88
1358793839.059859,88
1358793839.173080,88
1358793839.287697,89
1358793839.401129,88
1358793839.514448,88
1358793839.627622,88
1358793839.740754,88
1358793839.853971,90
1358793839.967152,90
1358793840.080882,90
1358793840.194261,90
1358793840.307393,90
1358793840.420628,89
1358793840.533723,89
1358793840.646799,90
1358793840.760974,89
1358793840.875727,91
1358793840.989218,89
1358793841.102581,91
1358793841.217571,91
1358793841.332188,91
1358793841.445644,90
1358793841.562219,91
1358793841.676354,91
1358793841.790499,91
1358793841.904461,91
1358793842.017746,91
1358793842.131288,92
1358793842.245490,91
1358793842.359481,91
1358793842.473340,92
1358793842.588703,92
1358793842.702448,92
1358793842.817053,92
1358793842.931360,91
1358793843.044630,91
1358793843.157927,90
1358793843.272482,91
1358793843.385880,91
1358793843.499112,91
1358793843.612278,93
1358793843.725531,93
1358793843.838646,93
1358793843.956071,92
1358793844.069409,92
1358793844.182613,93
1358793844.295790,93
1358793844.408965,93
1358793844.522358,93
1358793844.635578,93
1358793844.748837,93
1358793844.863457,93
1358793844.978043,93
1358793845.091466,92
1358793845.204652,94
1358793845.319182,94
1358793845.432507,94
1358793845.545701,92
1358793845.659040,94
1358793845.772481,93
1358793845.885828,93
1358793845.999094,92
1358793846.112215,93
1358793846.225338,93
1358793846.338784,93
1358793846.452040,93
1358793846.565182,93
1358793846.678456,93
1358793846.791603,94
1358793846.906356,94
1358793847.019790,94
1358793847.133035,94
1358793847.247618,94
1358793847.360868,95
1358793847.474045,95
1358793847.587242,95
1358793847.700546,95
1358793847.813697,95
1358793847.926779,95
1358793848.040052,84
1358793848.153261,95
1358793848.266385,93
1358793848.379535,94
1358793848.492525,95
1358793848.605782,95
1358793848.719133,86
1358793848.833012,95
1358793848.946893,95
1358793849.060133,86
1358793849.173312,95
1358793849.287877,95
1358793849.400967,85
1358793849.514118,95
1358793849.627423,95
1358793849.740537,85
1358793849.853711,95
1358793849.966888,96
1358793850.080214,87
1358793850.193638,97
1358793850.306925,97
1358793850.420124,86
1358793850.533244,97
1358793850.646475,97
1358793850.759930,86
1358793850.874822,97
1358793850.989088,98
1358793851.102269,87
1358793851.215584,97
1358793851.330203,97
1358793851.443486,87
1358793851.556686,97
1358793851.669737,96
1358793851.783126,87
1358793851.896410,96
1358793852.009595,98
1358793852.122807,88
1358793852.236164,97
1358793852.350590,97
1358793852.465213,87
1358793852.579610,98
1358793852.693412,98
1358793852.808098,86
1358793852.922752,98
1358793853.037405,99
1358793853.150808,87
1358793853.265892,96
1358793853.379210,97
1358793853.492392,87
1358793853.605784,97
1358793853.719328,97
1358793853.832445,85
1358793853.945613,98
1358793854.058723,99
1358793854.171934,86
1358793854.285594,99
1358793854.398877,98
1358793854.512244,86
1358793854.625420,99
1358793854.738596,99
1358793854.852623,86
1358793854.966671,99
1358793855.080133,100
1358793855.193346,87
1358793855.308109,100
1358793855.421323,100
1358793855.534542,87
1358793855.648310,99
1358793855.761746,100
1358793855.875012,86
1358793855.988348,100
1358793856.101593,98
1358793856.214685,87
1358793856.327816,99
1358793856.440976,98
1358793856.554180,87
1358793856.668094,98
1358793856.781329,99
1358793856.895882,87
1358793857.009018,74
1358793857.122178,60
1358793857.235787,53
1358793857.350458,40
1358793857.463760,26
1358793857.577224,59
1358793857.690347,59
1358793857.803492,60
1358793857.916786,61
1358793858.031124,61
1358793858.144495,59
1358793858.257708,59
1358793858.371044,60
1358793858.484457,63
1358793858.597617,62
1358793858.710761,62
1358793858.823997,62
1358793858.938817,64
1358793859.052079,63
1358793859.166240,62
1358793859.280977,63
1358793859.395596,63
1358793859.508834,66
1358793859.622041,66
1358793859.735287,66
1358793859.848763,66
1358793859.962180,64
1358793860.075654,64
1358793860.188879,64
1358793860.303911,64
1358793860.417308,66
1358793860.530532,64
1358793860.643770,66
1358793860.757098,64
1358793860.871425,66
1358793860.985457,64
1358793861.098908,63
1358793861.212196,66
1358793861.326894,67
1358793861.440282,69
1358793861.553501,67
1358793861.666782,68
1358793861.779975,68
1358793861.893136,68
1358793862.006290,68
1358793862.119434,68
1358793862.232707,69
1358793862.345869,72
1358793862.459032,70
1358793862.572175,70
1358793862.685294,70
1358793862.798714,68
1358793862.913492,57
1358793863.026862,57
1358793863.140110,58
1358793863.253778,58
1358793863.368116,58
1358793863.481755,57
1358793863.594958,57
1358793863.708208,57
1358793863.821390,57
1358793863.935348,57
1358793864.048535,57
1358793864.161801,58
1358793864.275142,58
1358793864.388341,58
1358793864.501594,57
1358793864.614735,57
1358793864.727923,57
1358793864.841102,57
1358793864.955693,57
1358793865.069055,58
1358793865.182222,59
1358793865.296781,58
1358793865.409887,58
1358793865.523004,58
1358793865.636190,58
1358793865.749572,58
1358793865.862784,58
1358793865.976048,60
1358793866.089478,61
1358793866.203108,61
1358793866.317198,60
1358793866.430442,60
1358793866.543645,60
1358793866.656773,60
1358793866.769978,58
1358793866.885091,61
1358793866.999480,62
1358793867.113009,62
1358793867.226182,60
1358793867.340761,61
1358793867.454048,61
1358793867.567151,61
1358793867.680271,60
1358793867.793392,61
1358793867.906573,62
1358793868.019733,62
1358793868.132908,62
1358793868.245962,62
1358793868.359211,61
1358793868.472611,61
1358793868.585877,62
1358793868.699075,62
1358793868.812272,63
1358793868.927016,64
1358793869.040303,64
1358793869.153583,64
1358793869.266877,63
1358793869.381380,63
1358793869.494740,64
1358793869.608085,64
1358793869.721237,64
1358793869.834360,65
1358793869.947581,65
1358793870.060844,63
1358793870.174387,63
1358793870.287560,63
1358793870.402599,63
1358793870.515982,64
1358793870.629159,64
1358793870.742367,64
1358793870.855625,65
1358793870.970161,65
1358793871.083358,65
1358793871.196734,64
1358793871.311400,65
1358793871.424536,65
1358793871.537765,65
1358793871.650876,65
1358793871.763941,65
1358793871.877065,67
1358793871.990209,67
1358793872.103259,67
1358793872.216496,66
1358793872.329640,67
1358793872.442746,67
1358793872.555945,67
1358793872.669302,67
1358793872.782538,65
1358793872.896249,67
1358793873.010733,66
1358793873.124110,67
1358793873.238691,66
1358793873.353258,66
1358793873.466681,66
1358793873.579847,67
1358793873.692904,67
1358793873.805920,67
1358793873.919036,68
1358793874.032682,68
1358793874.145873,68
1358793874.259113,68
1358793874.372245,68
1358793874.485386,68
1358793874.598572,69
1358793874.712028,69
1358793874.825160,69
1358793874.939692,70
1358793875.052886,70
1358793875.166089,70
1358793875.279397,70
1358793875.393944,70
1358793875.507445,70
1358793875.620679,70
1358793875.733844,68
1358793875.847173,71
1358793875.960673,69
1358793876.073987,71
1358793876.188064,70
1358793876.301674,70
1358793876.414930,70
1358793876.528038,70
1358793876.641151,70
1358793876.754342,71
1358793876.867539,71
1358793876.982150,70
1358793877.095375,70
1358793877.208703,71
1358793877.323203,71
1358793877.436448,71
1358793877.549603,72
1358793877.662905,73
1358793877.776102,73
1358793877.889162,73
1358793878.002310,72
1358793878.115382,72
1358793878.228533,73
1358793878.341613,73
1358793878.454650,71
1358793878.567750,73
1358793878.680847,73
1358793878.793951,73
1358793878.907098,73
1358793879.021623,72
1358793879.134814,72
1358793879.248014,72
1358793879.362600,73
1358793879.475880,74
1358793879.588979,74
1358793879.702202,74
1358793879.815547,74
1358793879.928653,74
1358793880.041903,74
1358793880.154987,74
1358793880.268062,74
1358793880.381191,75
1358793880.494719,74
1358793880.608362,76
1358793880.721528,76
1358793880.835991,75
1358793880.950746,73
1358793881.066870,75
1358793881.181716,76
1358793881.296261,76
1358793881.411006,76
1358793881.524746,76
1358793881.638149,77
1358793881.751571,77
1358793881.864890,76
1358793881.978111,76
1358793882.091999,77
1358793882.205678,77
1358793882.319349,77
1358793882.432871,75
1358793882.546168,77
1358793882.659506,76
1358793882.772692,75
1358793882.885787,76
1358793883.000288,77
1358793883.113411,77
1358793883.226520,77
1358793883.341000,77
1358793883.454203,77
1358793883.567364,77
1358793883.680905,76
1358793883.794719,76
1358793883.907935,77
1358793884.021056,79
1358793884.134238,79
1358793884.247414,79
1358793884.360535,79
1358793884.473721,79
1358793884.586911,79
1358793884.700161,78
1358793884.813373,77
1358793884.926534,77
1358793885.041192,77
1358793885.154465,77
1358793885.267634,79
1358793885.382201,79
1358793885.495637,79
1358793885.608761,79
1358793885.721780,78
1358793885.835030,79
1358793885.948278,79
1358793886.061438,79
1358793886.174575,79
1358793886.287799,79
1358793886.400951,80
1358793886.514165,81
1358793886.627277,81
1358793886.740367,81
1358793886.853466,80
1358793886.968010,81
1358793887.081170,81
1358793887.194260,81
1358793887.307334,81
1358793887.421810,81
1358793887.535169,81
1358793887.648413,81
1358793887.761847,81
1358793887.875006,80
1358793887.988135,81
1358793888.101237,81
1358793888.214362,81
1358793888.327431,81
1358793888.440552,81
1358793888.553714,81
1358793888.666889,81
1358793888.780064,82
1358793888.893300,82
1358793889.007932,83
1358793889.121066,84
1358793889.234205,83
1358793889.348620,83
1358793889.461817,83
1358793889.574859,83
1358793889.687961,83
1358793889.801007,83
1358793889.914195,81
1358793890.027540,82
1358793890.140600,83
1358793890.253721,83
1358793890.366862,83
1358793890.479973,83
1358793890.593061,83
1358793890.706808,83
1358793890.820070,83
1358793890.933345,84
1358793891.047951,84
1358793891.161180,83
1358793891.274331,84
1358793891.388842,84
1358793891.502106,85
1358793891.615376,85
1358793891.728439,85
1358793891.841554,86
1358793891.954651,86
1358793892.067742,86
1358793892.181094,83
1358793892.294540,85
1358793892.407739,84
1358793892.520835,84
1358793892.633891,84
1358793892.747087,85
1358793892.860195,86
1358793892.974788,86
1358793893.088129,85
1358793893.201232,85
1358793893.314326,85
1358793893.428978,85
1358793893.542222,85
1358793893.655382,86
1358793893.768561,87
1358793893.881685,87
1358793893.995818,87
1358793894.109061,87
1358793894.222090,87
1358793894.335134,87
1358793894.448363,87
1358793894.561625,88
1358793894.674774,88
1358793894.788054,85
1358793894.901048,87
1358793895.015840,86
1358793895.129003,85
1358793895.242188,86
1358793895.356307,87
1358793895.469907,87
1358793895.583014,89
1358793895.696133,89
1358793895.809248,87
1358793895.922460,89
1358793896.035805,87
1358793896.148916,86
1358793896.261976,88
1358793896.375236,89
1358793896.488351,87
1358793896.601643,89
1358793896.714832,89
1358793896.827974,87
1358793896.941111,89
1358793897.055667,89
1358793897.168836,86
1358793897.282115,88
1358793897.396698,90
1358793897.509797,88
1358793897.623073,89
1358793897.736292,89
1358793897.849585,87
1358793897.962771,88
1358793898.075941,88
1358793898.189222,88
1358793898.302483,90
1358793898.415596,90
1358793898.528999,88
1358793898.642130,91
1358793898.755431,91
1358793898.868593,88
1358793898.983186,90
1358793899.096789,91
1358793899.209866,89
1358793899.322955,90
1358793899.437442,90
1358793899.550666,87
1358793899.664094,91
1358793899.777279,90
1358793899.890393,87
1358793900.003677,91
1358793900.117785,91
1358793900.231031,88
1358793900.344278,91
1358793900.457521,91
1358793900.570628,88
1358793900.683854,92
1358793900.797796,91
1358793900.911179,89
1358793901.025782,92
1358793901.139040,93
1358793901.253886,89
1358793901.372734,92
1358793901.487589,92
1358793901.602342,87
1358793901.715986,92
1358793901.830558,92
1358793901.943942,88
1358793902.057247,92
1358793902.170758,92
1358793902.284034,87
1358793902.397267,92
1358793902.511574,91
1358793902.626688,88
1358793902.741325,93
1358793902.858516,93
1358793902.972464,88
1358793903.087163,93
1358793903.200426,93
1358793903.313651,87
1358793903.428197,93
1358793903.541452,93
1358793903.655039,86
1358793903.768626,94
1358793903.882231,94
1358793903.997032,87
1358793904.111254,94
1358793904.225985,95
1358793904.339342,86
1358793904.452729,94
1358793904.566025,93
1358793904.679272,87
1358793904.792526,94
1358793904.905749,94
1358793905.020581,86
1358793905.133801,94
1358793905.247092,94
1358793905.361418,86
1358793905.475690,94
1358793905.588921,95
1358793905.702163,86
1358793905.815466,94
1358793905.928768,96
1358793906.041939,87
1358793906.155072,96
1358793906.268320,96
1358793906.381553,87
1358793906.494724,96
1358793906.607996,94
1358793906.721064,87
1358793906.834102,95
1358793906.947238,95
1358793907.061949,87
1358793907.175161,96
1358793907.288315,95
1358793907.402851,88
1358793907.516154,95
1358793907.629331,96
1358793907.743483,87
1358793907.858485,96
1358793907.973661,96
1358793908.087991,87
1358793908.201506,98
1358793908.316337,97
1358793908.429860,87
1358793908.543092,97
1358793908.656283,97
1358793908.770187,86
1358793908.883657,95
1358793908.996948,96
1358793909.111539,86
1358793909.224820,96
1358793909.337965,96
1358793909.452517,85
1358793909.566039,97
1358793909.679231,97
1358793909.792443,86
1358793909.905540,97
1358793910.018831,97
1358793910.132143,86
1358793910.245344,97
1358793910.358725,97
1358793910.471937,86
1358793910.585103,98
1358793910.698256,98
1358793910.811541,86
1358793910.924855,98
1358793911.039493,98
1358793911.152702,87
1358793911.265772,99
1358793911.379482,99
1358793911.493421,87
1358793911.606575,99
1358793911.719717,99
1358793911.832865,87
1358793911.945988,98
1358793912.059210,98
1358793912.172456,88
1358793912.285622,99
1358793912.398802,99
1358793912.511977,88
1358793912.625290,99
1358793912.738590,99
1358793912.851937,86
1358793912.968952,99
1358793913.083545,99
1358793913.197012,87
1358793913.310169,100
1358793913.424680,99
1358793913.538176,87
1358793913.651315,98
1358793913.764750,100
1358793913.877895,86
1358793913.990999,73
1358793914.104205,60
1358793914.217421,46
1358793914.330562,33
1358793914.443922,18
1358793914.557145,52
1358793914.670372,54
1358793914.783751,55
1358793914.896884,56
1358793915.009956,55
1358793915.124700,55
1358793915.237964,55
1358793915.351102,56
1358793915.465808,57
1358793915.579017,57
1358793915.692171,57
1358793915.806037,58
1358793915.919287,57
1358793916.032799,58
1358793916.145995,58
1358793916.259141,60
1358793916.372529,61
1358793916.485732,61
1358793916.598860,61
1358793916.712484,61
1358793916.825673,60
1358793916.938956,60
1358793917.053538,60
1358793917.167583,63
1358793917.281326,63
1358793917.395352,64
1358793917.509431,64
1358793917.622760,63
1358793917.736106,62
1358793917.849377,60
1358793917.962722,62
1358793918.076072,62
1358793918.189347,65
1358793918.302592,63
1358793918.415912,63
1358793918.529135,63
1358793918.642336,64
1358793918.755545,64
1358793918.868804,64
1358793918.981960,65
1358793919.096542,67
1358793919.209789,66
1358793919.323075,66
1358793919.437674,66
1358793919.550881,65
1358793919.664228,66
1358793919.777413,67
1358793919.890619,66
1358793920.007250,66
1358793920.120379,68
1358793920.233534,68
1358793920.346687,68
1358793920.460152,68
1358793920.573395,68
1358793920.686518,68
1358793920.799712,68
1358793920.912913,68
1358793921.026164,66
1358793921.140971,67
1358793921.254157,66
1358793921.367338,66
1358793921.481823,66
1358793921.595203,62
1358793921.708369,59
1358793921.821517,60
1358793921.934710,60
1358793922.047900,60
1358793922.160967,60
1358793922.274339,60
1358793922.387949,60
1358793922.501363,59
1358793922.614741,57
1358793922.727991,57
1358793922.841220,58
1358793922.954309,58
1358793923.069040,60
1358793923.182315,60
1358793923.295436,60
1358793923.409294,59
1358793923.523410,59
1358793923.636733,59
1358793923.749915,59
1358793923.863134,60
1358793923.977058,61
1358793924.090338,61
1358793924.203554,61
1358793924.316732,61
1358793924.430002,61
1358793924.543320,61
1358793924.656508,61
1358793924.769639,62
1358793924.882822,61
1358793924.996041,63
1358793925.110807,63
1358793925.224182,63
1358793925.337499,63
1358793925.452183,62
1358793925.565346,62
1358793925.678482,63
1358793925.791716,62
1358793925.905054,63
1358793926.018254,63
1358793926.131704,63
1358793926.245776,63
1358793926.359063,63
1358793926.472238,62
1358793926.585343,63
1358793926.698590,63
1358793926.812094,64
1358793926.925256,64
1358793927.038680,65
1358793927.153264,64
1358793927.266725,65
1358793927.380947,64
1358793927.495701,64
1358793927.608991,65
1358793927.722328,65
1358793927.835595,66
1358793927.948852,66
1358793928.062425,66
1358793928.175764,66
1358793928.289042,65
1358793928.402399,66
1358793928.515800,66
1358793928.629040,66
1358793928.742357,65
1358793928.856014,66
1358793928.969136,66
1358793929.083807,66
1358793929.197379,66
1358793929.310703,65
1358793929.424455,66
1358793929.538306,66
1358793929.651521,66
1358793929.764766,66
1358793929.878031,67
1358793929.991315,67
1358793930.104564,67
1358793930.218169,67
1358793930.331465,67
1358793930.444612,68
1358793930.558152,67
1358793930.671408,68
1358793930.784637,68
1358793930.897888,69
1358793931.011088,69
1358793931.125829,69
1358793931.238996,69
1358793931.352264,69
1358793931.467022,69
1358793931.580304,69
1358793931.693582,67
1358793931.807381,66
1358793931.920757,69
1358793932.035017,68
1358793932.151151,70
1358793932.265413,68
1358793932.378745,70
1358793932.495048,70
1358793932.609088,70
1358793932.722563,70
1358793932.835844,70
1358793932.949038,69
1358793933.062336,69
1358793933.177046,69
1358793933.290240,69
1358793933.403405,70
1358793933.518042,69
1358793933.631368,70
1358793933.744744,70
1358793933.857863,71
1358793933.970923,71
1358793934.084939,71
1358793934.198235,71
1358793934.311400,71
1358793934.424619,71
1358793934.537841,71
1358793934.651132,71
1358793934.764384,73
1358793934.877641,73
1358793934.990782,73
1358793935.105440,72
1358793935.218802,73
1358793935.332085,73
1358793935.446186,73
1358793935.560249,73
1358793935.673379,74
1358793935.786560,74
1358793935.902475,74
1358793936.019587,74
1358793936.133635,73
1358793936.246872,73
1358793936.362242,74
1358793936.475692,75
1358793936.589008,75
1358793936.703001,75
1358793936.822325,73
1358793936.935507,73
1358793937.048688,73
1358793937.163363,73
1358793937.278842,74
1358793937.394621,74
1358793937.509380,75
1358793937.622548,75
1358793937.735818,75
1358793937.849072,74
1358793937.962298,74
1358793938.075499,74
1358793938.188613,75
1358793938.301746,76
1358793938.415136,76
1358793938.528346,76
1358793938.641544,77
1358793938.754803,76
1358793938.867908,76
1358793938.981108,76
1358793939.094743,77
1358793939.209054,77
1358793939.322340,75
1358793939.435590,77
1358793939.550293,77
1358793939.663754,74
1358793939.776849,75
1358793939.889951,76
1358793940.003083,77
1358793940.116324,77
1358793940.229537,77
1358793940.342748,77
1358793940.455990,77
1358793940.569968,77
1358793940.687648,76
1358793940.801132,77
1358793940.914436,77
1358793941.027687,78
1358793941.142389,78
1358793941.255849,78
1358793941.369144,78
1358793941.483899,77
1358793941.597181,78
1358793941.710468,77
1358793941.823623,78
1358793941.936734,79
1358793942.050040,79
1358793942.163185,79
1358793942.276432,80
1358793942.389666,80
1358793942.503101,80
1358793942.616877,79
1358793942.730148,80
1358793942.843503,80
1358793942.956756,78
1358793943.070120,79
1358793943.184819,78
1358793943.298192,79
1358793943.411547,80
1358793943.526234,80
1358793943.639519,79
1358793943.752813,79
1358793943.866005,80
1358793943.979242,80
1358793944.092566,80
1358793944.205738,80
1358793944.318982,80
1358793944.432384,80
1358793944.545572,80
1358793944.658764,82
1358793944.772105,82
1358793944.885320,81
1358793944.998622,82
1358793945.111900,82
1358793945.226525,82
1358793945.339887,82
1358793945.453209,82
1358793945.568031,82
1358793945.681155,82
1358793945.794534,82
1358793945.907963,83
1358793946.021258,81
1358793946.134577,81
1358793946.247786,81
1358793946.360982,82
1358793946.474598,82
1358793946.587784,82
1358793946.700867,82
1358793946.814139,82
1358793946.927348,82
1358793947.040531,82
1358793947.155207,82
1358793947.268705,83
1358793947.381982,84
1358793947.496674,83
1358793947.609867,83
1358793947.723042,84
1358793947.836565,84
1358793947.949757,84
1358793948.062937,84
1358793948.176152,84
1358793948.289460,85
1358793948.402613,83
1358793948.515736,85
1358793948.628827,85
1358793948.742019,84
1358793948.855189,84
1358793948.968356,84
1358793949.081551,84
1358793949.196133,85
1358793949.309277,85
1358793949.422759,85
1358793949.537464,84
1358793949.650731,84
1358793949.763845,85
1358793949.877213,85
1358793949.990596,85
1358793950.103857,86
1358793950.217077,87
1358793950.330224,87
1358793950.443385,87
1358793950.556492,86
1358793950.669563,86
1358793950.782716,84
1358793950.896679,86
1358793951.009845,85
1358793951.123648,88
1358793951.238267,84
1358793951.351559,69
1358793951.464858,55
1358793951.579714,41
1358793951.692935,28
1358793951.806324,15
1358793951.919454,0
1358793952.032576,0
1358793952.145633,0
1358793952.258714,0
1358793952.371729,0
1358793952.484827,0
1358793952.597892,0
1358793952.711091,0
1358793952.824136,0
1358793952.937262,0
1358793953.050318,0
1358793953.164960,0
1358793953.278128,0
1358793953.391135,0
1358793953.505710,0
1358793953.618991,0
1358793953.732182,0
1358793953.845247,0
1358793953.959035,0
1358793954.072208,0
1358793954.185274,0
1358793954.298418,0
1358793954.411434,0
1358793954.524461,0
1358793954.637481,0
1358793954.750507,0
1358793954.863492,0
1358793954.976535,0
1358793955.089622,0
1358793955.205591,0
1358793955.318738,0
1358793955.431869,0
1358793955.546338,0
1358793955.659534,0
1358793955.772632,0
1358793955.885828,0
1358793955.998959,0
1358793956.112657,0
1358793956.225810,0
1358793956.338923,0
1358793956.452535,0
1358793956.565699,0
1358793956.678747,0
1358793956.791870,0
1358793956.904970,0
1358793957.018094,0
1358793957.131164,0
1358793957.245627,0
1358793957.358859,0
1358793957.471993,0
1358793957.586568,0
1358793957.699704,0
1358793957.812665,0
1358793957.925743,0
1358793958.038832,0
1358793958.151909,0
1358793958.264911,0
1358793958.377917,0
1358793958.491007,0
1358793958.604093,0
1358793958.717099,0
1358793958.830218,0
1358793958.943192,0
1358793959.056255,0
1358793959.170908,0
1358793959.284016,0
1358793959.397087,0
1358793959.510992,0
1358793959.624745,0
1358793959.737948,0
1358793959.850985,0
1358793959.964070,0
1358793960.082248,0
1358793960.195664,0
1358793960.308838,0
1358793960.421926,0
1358793960.535046,0
1358793960.648180,0
1358793960.761307,0
1358793960.874560,0
1358793960.990137,0
1358793961.105111,0
1358793961.221193,0
1358793961.335977,0
1358793961.450021,0
1358793961.564978,0
1358793961.682054,0
1358793961.797367,0
1358793961.911323,0
1358793962.025706,0
1358793962.140442,0
1358793962.254595,0
1358793962.368533,0
1358793962.482369,0
1358793962.595640,0
1358793962.708869,0
1358793962.822031,0
1358793962.935248,0
1358793963.048529,0
1358793963.164559,0
1358793963.280216,0
1358793963.394454,0
1358793963.508348,0
1358793963.622321,0
1358793963.735519,0
1358793963.848688,0
1358793963.961745,0
1358793964.074832,0
1358793964.187984,0
1358793964.301082,0
1358793964.414184,0
1358793964.527213,0
1358793964.640328,0
1358793964.753431,0
1358793964.866505,0
1358793964.979616,0
1358793965.092678,0
1358793965.207332,0
1358793965.320545,0
1358793965.433663,0
1358793965.548250,0
1358793965.661449,0
1358793965.774551,0
1358793965.887851,0
1358793966.000961,0
1358793966.114167,0
1358793966.227252,0
1358793966.340376,0
1358793966.453447,0
1358793966.566493,0
1358793966.679583,0
1358793966.792685,0
1358793966.905954,1
1358793967.019038,0
1358793967.132257,0
1358793967.246804,0
1358793967.360008,0
1358793967.473200,0
1358793967.587784,0
1358793967.701000,0
1358793967.814165,0
1358793967.927292,0
1358793968.040477,0
1358793968.153712,0
1358793968.267043,0
1358793968.380285,0
1358793968.493391,0
1358793968.606691,0
1358793968.719840,0
1358793968.833015,0
1358793968.946173,0
1358793969.059285,0
1358793969.172491,0
1358793969.287063,0
1358793969.400258,0
1358793969.513480,0
1358793969.627983,0
1358793969.741132,0
1358793969.854226,0
1358793969.967350,0
1358793970.080559,0
1358793970.193722,0
1358793970.306859,0
1358793970.422299,0
1358793970.535813,0
1358793970.648952,0
1358793970.762099,0
1358793970.875227,0
1358793970.988331,0
1358793971.101412,0
1358793971.216018,0
1358793971.329198,0
1358793971.442306,0
1358793971.556854,0
1358793971.670509,0
